ISS (ZARYA)             
1 25544U 98067A   25063.29550353  .00013111  00000+0  23962-3 0  9999
2 25544  51.6364 106.5568 0005979 342.0075  94.4843 15.49713456498894
CSS (TIANHE)            
1 48274U 21035A   25063.02436798  .00034128  00000+0  39625-3 0  9996
2 48274  41.4650 301.0393 0007466 280.0498  79.9498 15.61023996219718
ISS (NAUKA)             
1 49044U 21066A   25062.83041539  .00013122  00000+0  23990-3 0  9998
2 49044  51.6348 108.8630 0006205 339.9642  20.1102 15.49701096203176
FREGAT DEB              
1 49271U 11037PF  25061.73273942  .00008658  00000+0  18849-1 0  9993
2 49271  51.6462 318.7122 0914657 321.9314  32.0174 12.27791950166821
CSS (WENTIAN)           
1 53239U 22085A   25062.70448080  .00034564  00000+0  40157-3 0  9996
2 53239  41.4650 302.9868 0007492 278.2501  81.7488 15.61001914214941
CSS (MENGTIAN)          
1 54216U 22143A   25062.70448080  .00034564  00000+0  40157-3 0  9997
2 54216  41.4650 302.9868 0007492 278.2501  81.7488 15.61001914133374
CYGNUS NG-21            
1 60378U 24139A   25062.83041539  .00013122  00000+0  23990-3 0  9995
2 60378  51.6348 108.8630 0006205 339.9642  20.1102 15.49701096 32012
SOYUZ-MS 26             
1 61043U 24162A   25062.83041539  .00013122  00000+0  23990-3 0  9991
2 61043  51.6348 108.8630 0006205 339.9642  20.1102 15.49701096498478
CREW DRAGON 9           
1 61447U 24178A   25062.83041539  .00013122  00000+0  23990-3 0  9996
2 61447  51.6348 108.8630 0006205 339.9642  20.1102 15.49701096498476
SHENZHOU-19 (SZ-19)     
1 61683U 24194A   25062.70448080  .00034564  00000+0  40157-3 0  9991
2 61683  41.4650 302.9868 0007492 278.2501  81.7488 15.61001914219623
TIANZHOU-8              
1 61983U 24211A   25062.70448080  .00034564  00000+0  40157-3 0  9994
2 61983  41.4650 302.9868 0007492 278.2501  81.7488 15.61001914 16294
PROGRESS-MS 29          
1 62030U 24215A   25062.83041539  .00013122  00000+0  23990-3 0  9997
2 62030  51.6348 108.8630 0006205 339.9642  20.1102 15.49701096 14109
2024-013E               
1 62056U 24013E   25063.05767983  .00511901  12434-3  76252-3 0  9999
2 62056  41.4652 283.9387 0033792 235.9008 123.8637 16.02737600 17701
1998-067XC              
1 62296U 98067XC  25062.36682938  .00237730  00000+0  14564-2 0  9998
2 62296  51.6271 104.2498 0009292 338.5251  21.5358 15.76006467 13129
1998-067XD              
1 62297U 98067XD  25063.08911874  .02377796  66283-2  23425-2 0  9996
2 62297  51.6176  96.2475 0007714  19.4976 340.6332 16.12238095 13295
YOMOGI                  
1 62298U 98067XE  25063.11674466  .00254341  00000+0  14820-2 0  9993
2 62298  51.6243 100.2507 0009312 343.9163  16.1541 15.77094125 13248
ISS DEB                 
1 62376U 98067XG  25062.61131089  .00200305  00000+0  14299-2 0  9994
2 62376  51.6307 104.4046 0008221 347.3236  12.7554 15.72591497 11532
PROGRESS-MS 30          
1 63129U 25041B   25062.83041539  .00013122  00000+0  23990-3 0  9995
2 63129  51.6348 108.8630 0006205 339.9642  20.1102 15.49701096498778
