NOAA 15                 
1 25338U 98030A   25006.19459434  .00000475  00000+0  21348-3 0  9999
2 25338  98.5513  34.9273 0011345  91.4468 268.8013 14.26849447386383
DMSP 5D-3 F16 (USA 172) 
1 28054U 03048A   25006.07347814  .00000450  00000+0  25975-3 0  9990
2 28054  99.0197  20.4668 0007100 192.9079 236.5559 14.14250142 94953
NOAA 18                 
1 28654U 05018A   25006.10207596  .00000536  00000+0  30800-3 0  9999
2 28654  98.8580  87.2442 0013939 204.4395 155.6118 14.13478830 11923
METEOSAT-9 (MSG-2)      
1 28912U 05049B   25005.72132685  .00000135  00000+0  00000+0 0  9993
2 28912   8.1539  59.1234 0001498 202.4173 149.3807  1.00273923  1713
EWS-G1 (GOES 13)        
1 29155U 06018A   25006.07410480 -.00000206  00000+0  00000+0 0  9991
2 29155   3.1566  82.8753 0065086 258.0895 116.5397  0.98831846 68171
DMSP 5D-3 F17 (USA 191) 
1 29522U 06050A   25006.11485447  .00000497  00000+0  28061-3 0  9997
2 29522  98.7419  18.5080 0010920 118.7608 241.4664 14.14717195937887
FENGYUN 3A              
1 32958U 08026A   25006.07727241  .00000548  00000+0  28116-3 0  9993
2 32958  98.6309 313.5994 0008196 201.1441 158.9398 14.19333088860732
NOAA 19                 
1 33591U 09005A   25006.15438670  .00000463  00000+0  27116-3 0  9994
2 33591  99.0212  69.8479 0014670  81.0803 279.2029 14.13252642820299
GOES 14                 
1 35491U 09033A   25005.51186663 -.00000054  00000+0  00000+0 0  9993
2 35491   0.3121  90.8391 0002353 142.5410 307.9807  1.00273745 56869
DMSP 5D-3 F18 (USA 210) 
1 35951U 09057A   25006.23505558  .00000691  00000+0  38376-3 0  9995
2 35951  98.8410 345.1635 0010459 313.5637  46.4667 14.14457020785066
EWS-G2 (GOES 15)        
1 36411U 10008A   25006.04841229  .00000052  00000+0  00000+0 0  9992
2 36411   0.0788 265.7188 0006247 355.6209 283.3638  1.00272212 54353
COMS 1                  
1 36744U 10032A   25006.08243691 -.00000332  00000+0  00000+0 0  9993
2 36744   3.4609  82.3216 0000963 208.8891 332.5476  1.00270417 53363
FENGYUN 3B              
1 37214U 10059A   25006.21835356  .00000309  00000+0  18422-3 0  9999
2 37214  99.0349  42.9538 0021353 237.4863 236.3221 14.14657065732955
SUOMI NPP               
1 37849U 11061A   25006.17970494  .00000315  00000+0  17023-3 0  9998
2 37849  98.7437 307.2805 0001982  54.5030 305.6331 14.19533747683667
METEOSAT-10 (MSG-3)     
1 38552U 12035B   25006.03351222  .00000006  00000+0  00000+0 0  9999
2 38552   3.4298  61.9237 0001471 236.8150 179.2264  1.00273076 45935
METOP-B                 
1 38771U 12049A   25006.10204245  .00000411  00000+0  20757-3 0  9992
2 38771  98.6026  64.4887 0001850  92.6030 267.5359 14.21404518638374
INSAT-3D                
1 39216U 13038B   25006.20049519 -.00000325  00000+0  00000+0 0  9998
2 39216   0.5605  90.0649 0002354 187.8439  29.7898  1.00274444 42017
FENGYUN 3C              
1 39260U 13052A   25006.20777033  .00000326  00000+0  18745-3 0  9991
2 39260  98.4419   1.1903 0015828 100.3924 259.9036 14.15534810584074
METEOR-M 2              
1 40069U 14037A   25006.16134533  .00000439  00000+0  22109-3 0  9995
2 40069  98.4536 357.5212 0006672 122.1528 238.0298 14.21185108544458
HIMAWARI-8              
1 40267U 14060A   25005.60027385 -.00000262  00000+0  00000+0 0  9992
2 40267   0.0130  94.0200 0000860 200.1487 168.0162  1.00269739 37579
FENGYUN 2G              
1 40367U 14090A   25006.05332098 -.00000290  00000+0  00000+0 0  9997
2 40367   4.2968  79.2156 0001194 178.6617 326.7452  1.00269523 36750
METEOSAT-11 (MSG-4)     
1 40732U 15034A   25006.03533671  .00000075  00000+0  00000+0 0  9990
2 40732   1.8825  71.8285 0001736 175.9919 239.9571  1.00273120 34729
ELEKTRO-L 2             
1 41105U 15074A   25005.45895640 -.00000105  00000+0  00000+0 0  9996
2 41105   5.3571  77.0265 0003908 201.8775 337.1495  1.00271407 33214
INSAT-3DR               
1 41752U 16054A   25005.69910622 -.00000063  00000+0  00000+0 0  9990
2 41752   0.0594  94.1189 0013435 178.6848 158.4318  1.00269870 30522
HIMAWARI-9              
1 41836U 16064A   25005.60027388 -.00000261  00000+0  00000+0 0  9993
2 41836   0.0222 206.8575 0001002  81.8365 173.5913  1.00272246 29922
GOES 16                 
1 41866U 16071A   25006.09077347 -.00000234  00000+0  00000+0 0  9998
2 41866   0.0376 194.6541 0001518 128.6926 100.0448  1.00272035 29819
FENGYUN 4A              
1 41882U 16077A   25006.14354983 -.00000184  00000+0  00000+0 0  9996
2 41882   0.9754  85.7591 0010595 343.5698 174.7514  1.00271003 29692
CYGFM05                 
1 41884U 16078A   25005.62813591  .00019505  00000+0  56365-3 0  9991
2 41884  34.9619  92.7722 0010006 244.8107 115.1574 15.34691749447111
CYGFM04                 
1 41885U 16078B   25005.54698658  .00019830  00000+0  55177-3 0  9999
2 41885  34.9381  75.0145 0008825 259.9320 100.0402 15.35879743447218
CYGFM02                 
1 41886U 16078C   25005.57628397  .00021188  00000+0  57480-3 0  9994
2 41886  34.9462  76.3333 0011380 253.0027 106.9444 15.36629944447387
CYGFM01                 
1 41887U 16078D   25005.64175615  .00019104  00000+0  55714-3 0  9996
2 41887  34.9451  96.7859 0010469 227.9942 131.9884 15.34402813447049
CYGFM08                 
1 41888U 16078E   25005.52053664  .00020576  00000+0  57587-3 0  9998
2 41888  34.9488  83.6799 0011775 252.5206 107.4225 15.35663368447251
CYGFM07                 
1 41890U 16078G   25005.57875566  .00020207  00000+0  55825-3 0  9993
2 41890  34.9500  74.0601 0009361 266.6696  93.2951 15.36095087447236
CYGFM03                 
1 41891U 16078H   25005.56467632  .00020370  00000+0  56585-3 0  9999
2 41891  34.9459  75.5332 0008745 250.2746 109.7028 15.35928108447211
FENGYUN 3D              
1 43010U 17072A   25006.17559147  .00000361  00000+0  19279-3 0  9997
2 43010  98.9408 328.3249 0002427 103.9844 256.1602 14.19538558370217
NOAA 20 (JPSS-1)        
1 43013U 17073A   25006.05474570  .00000301  00000+0  16331-3 0  9994
2 43013  98.7278 306.7430 0001614  41.0586 319.0712 14.19533969369688
GOES 17                 
1 43226U 18022A   25005.51256167 -.00000077  00000+0  00000+0 0  9998
2 43226   0.0320 144.4827 0003477 124.4312 276.2904  1.00271853 25130
FENGYUN 2H              
1 43491U 18050A   25005.86404653 -.00000116  00000+0  00000+0 0  9990
2 43491   1.6686  85.3541 0001268 179.3189 231.4111  1.00270514 24156
METOP-C                 
1 43689U 18087A   25006.14206422  .00000411  00000+0  20781-3 0  9994
2 43689  98.6981  68.7651 0001005 175.0372 185.0815 14.21514872319957
GEO-KOMPSAT-2A          
1 43823U 18100A   25006.08243691 -.00000330  00000+0  00000+0 0  9991
2 43823   0.0422 151.7606 0000336 260.0212 212.0490  1.00270769 22375
METEOR-M2 2             
1 44387U 19038A   25006.21544150  .00000421  00000+0  20280-3 0  9993
2 44387  98.8554 342.5503 0002292  92.4352 267.7089 14.24111105286284
ARKTIKA-M 1             
1 47719U 21016A   24346.21013880  .00000144  00000+0  00000+0 0  9997
2 47719  63.1345 131.0499 7012162 268.4789  17.4348  2.00604149 27701
FENGYUN 3E              
1 49008U 21062A   25006.23777217  .00000114  00000+0  74437-4 0  9995
2 49008  98.7391  10.8677 0002078 137.8488 222.2848 14.19830646181803
GOES 18                 
1 51850U 22021A   25006.03591014  .00000111  00000+0  00000+0 0  9993
2 51850   0.0393 189.9300 0000487 127.2813  24.5739  1.00272289 10517
NOAA 21 (JPSS-2)        
1 54234U 22150A   25005.80989665  .00000338  00000+0  18090-3 0  9995
2 54234  98.7132 307.0490 0000274 310.1107  50.0045 14.19586305111727
METEOSAT-12 (MTG-I1)    
1 54743U 22170C   25005.47896556  .00000007  00000+0  00000+0 0  9992
2 54743   0.6237  41.0964 0001448 233.1827   3.1381  1.00272525  7681
TIANMU-1 03             
1 55973U 23039A   25006.09893892  .00019968  00000+0  69304-3 0  9994
2 55973  97.4833 162.7111 0004381 172.2837 187.8472 15.29810138 99799
TIANMU-1 04             
1 55974U 23039B   25006.06622498  .00019763  00000+0  68247-3 0  9992
2 55974  97.4759 162.0719 0005376 171.6473 188.4857 15.29972706 99781
TIANMU-1 05             
1 55975U 23039C   25006.06665485  .00019342  00000+0  67181-3 0  9995
2 55975  97.4805 162.4889 0003761 190.9893 169.1265 15.29794338 99773
TIANMU-1 06             
1 55976U 23039D   25006.08582968  .00019713  00000+0  67884-3 0  9994
2 55976  97.4820 162.7324 0004245 189.0030 171.1135 15.30068559 99789
METEOR-M2 3             
1 57166U 23091A   25006.11930466  .00000097  00000+0  61308-4 0  9990
2 57166  98.6864  64.6899 0002950 257.5195 102.5654 14.23967367 79502
TIANMU-1 07             
1 57399U 23101A   25006.14157584  .00011858  00000+0  52248-3 0  9994
2 57399  97.3361  63.9080 0004271 178.7359 181.3889 15.21957552 81249
TIANMU-1 08             
1 57400U 23101B   25006.17472950  .00012531  00000+0  55137-3 0  9996
2 57400  97.3348  63.7886 0006231 191.3868 168.7228 15.21981005 81249
TIANMU-1 09             
1 57401U 23101C   25006.15909699  .00012889  00000+0  56727-3 0  9992
2 57401  97.3305  63.4928 0006080 187.7551 172.3593 15.21965710 81248
TIANMU-1 10             
1 57402U 23101D   25006.19189722  .00012192  29456-7  53488-3 0  9996
2 57402  97.3384  64.0129 0008138 189.1844 170.9245 15.21981950 81245
FENGYUN 3F              
1 57490U 23111A   25006.17755399  .00000290  00000+0  15727-3 0  9997
2 57490  98.7479  79.2195 0000820 148.7011 211.4214 14.19972082 74072
ARKTIKA-M 2             
1 58584U 23198A   25004.86947214  .00000187  00000+0  00000+0 0  9999
2 58584  63.2371 212.4185 6905683 269.4093  17.9835  2.00612122  7722
TIANMU-1 11             
1 58645U 23205A   25006.07660387  .00010958  00000+0  52058-3 0  9995
2 58645  97.3879  32.3099 0012184  62.7067 297.5407 15.19328977 57270
TIANMU-1 12             
1 58646U 23205B   25006.09415348  .00010859  00000+0  51654-3 0  9994
2 58646  97.3863  32.2150 0010064  57.3687 302.8517 15.19307975 57260
TIANMU-1 13             
1 58647U 23205C   25006.06076300  .00010767  00000+0  51190-3 0  9996
2 58647  97.3896  32.2557 0010145  40.3511 319.8475 15.19327377 57254
TIANMU-1 14             
1 58648U 23205D   25006.11076050  .00010454  00000+0  49717-3 0  9990
2 58648  97.3821  31.9712 0010822  43.0212 317.1867 15.19317356 57265
TIANMU-1 19             
1 58660U 23208A   25006.27425436  .00013966  00000+0  64540-3 0  9992
2 58660  97.4190 120.4098 0006611  26.4276 333.7295 15.20271336 56960
TIANMU-1 20             
1 58661U 23208B   25006.26693691  .00014228  00000+0  63407-3 0  9995
2 58661  97.4125 120.5195 0009481  33.6746 326.5091 15.21495323 56990
TIANMU-1 21             
1 58662U 23208C   25006.24122226  .00015436  00000+0  65922-3 0  9991
2 58662  97.4165 121.2000 0009083  33.2331 326.9474 15.22934024 57023
TIANMU-1 22             
1 58663U 23208D   25006.26930234  .00013796  00000+0  63417-3 0  9994
2 58663  97.4184 120.5017 0005502  50.4681 309.7040 15.20464592 56973
TIANMU-1 15             
1 58700U 24004A   25005.77702893  .00012125  00000+0  57792-3 0  9998
2 58700  97.4601 189.7775 0009216  61.9987 298.2179 15.19219938 55489
TIANMU-1 16             
1 58701U 24004B   25006.08910119  .00011798  00000+0  56274-3 0  9995
2 58701  97.4531 189.7750 0009585  63.7436 296.4782 15.19197787 55536
TIANMU-1 17             
1 58702U 24004C   25006.07422948  .00011628  00000+0  55603-3 0  9990
2 58702  97.4570 190.0010 0007308  60.3023 299.8938 15.19130565 55520
TIANMU-1 18             
1 58703U 24004D   25006.12225134  .00012246  00000+0  58402-3 0  9992
2 58703  97.4588 190.1666 0007365  52.5242 307.6662 15.19211809 55531
INSAT-3DS               
1 58990U 24033A   25004.33488389 -.00000142  00000+0  00000+0 0  9996
2 58990   0.0585  93.9750 0001445 186.1040  26.7671  1.00270825 41760
METEOR-M2 4             
1 59051U 24039A   25006.09383539  .00000163  00000+0  92608-4 0  9999
2 59051  98.6281 329.2938 0005977 254.9551 105.0966 14.22322542 44339
GOES 19                 
1 60133U 24119A   25005.30123722 -.00000168  00000+0  00000+0 0  9996
2 60133   0.0211 208.2119 0001452 116.9420 158.9787  1.00269336  1676
